Fake test:

ancestors_of_watched             2971    8431(  2.84)     288(  0.10)     55
children_of_watched_repos        3080 1078146(350.05)   17619(  5.72)   6021
coocs                            3498  369004(105.49)  205980( 58.89)    162
in_cluster_repo                  4788  736493(153.82)  651175(136.00)    200
in_cluster_user                  4788  915321(191.17)  877177(183.20)    200
in_id_range                      4788   43466(  9.08)   40461(  8.45)     57
parents_of_watched               2971    8143(  2.74)    8143(  2.74)     55
repos_by_watched_authors         4788  615732(128.60)  610637(127.53)   4948
repos_with_same_name             4273 1480456(346.47) 1451433(339.68)   6928
top_twenty                       4788   95760( 20.00)   27101(  5.66)     20


Real test:

ancestors_of_watched             2833    9125(  3.22)     300(  0.11)    220
children_of_watched_repos        3490 1402558(401.88)   22617(  6.48)   7253
coocs                            3920  420669(107.31)  226227( 57.71)    162
in_cluster_repo                  4786  756122(157.99)  661863(138.29)    200
in_cluster_user                  4788  912798(190.64)  864139(180.48)    200
in_id_range                      4788   45004(  9.40)   42097(  8.79)     46
parents_of_watched               2833    8825(  3.12)    8825(  3.12)    219
repos_by_watched_authors         4786  806416(168.49)  800937(167.35)   7125
repos_with_same_name             4359 1805055(414.10) 1767657(405.52)   8784
top_twenty                       4788   95760( 20.00)   24160(  5.05)     20


20000 (unbiased) users, looking at rule accuracy:

                                        --------- absolute ----------  -------- incremental --------
                                    fired  corr   rcl%   nadded     avg   corr   rcl%   nadded     avg    maxsz   
 1 parents_of_watched               12464  6179(49.57%)   14890(   1.19)  6179(49.57%)   14890(   1.19)      32
 2 ancestors_of_watched             12464  6184(49.61%)   15895(   1.28)     5( 0.04%)    1005(   0.08)      32
 3 repos_by_watched_authors         19999  5174(25.87%) 2406984( 120.36)  4673(23.37%) 2405421( 120.28)    8173
 4 repos_with_same_name             17823  6918(38.82%) 6147479( 344.92)   512( 2.87%) 6060832( 340.06)   12919
 5 children_of_watched_repos        12917   822( 6.36%) 4513153( 349.40)    31( 0.24%)   73781(   5.71)   10178
 6 in_cluster_user                  20000  3847(19.23%) 3741561( 187.08)  2030(10.15%) 3654691( 182.73)     200
 7 in_cluster_repo                  20000  1690( 8.45%) 2955454( 147.77)   307( 1.53%) 2662277( 133.11)     200
 8 in_id_range                      20000  1406( 7.03%)  166920(   8.35)   423( 2.12%)  163830(   8.19)     106
 9 coocs                            14389  5434(37.76%) 1454873( 101.11)  1036( 7.20%)  863293(  60.00)     155
10 top_twenty                       20000  1479( 7.39%)  387329(  19.37)    51( 0.26%)  127533(   6.38)      20
   total                                                                 15247


  generator                        fired   corr 
1 generator.parents_of_watched     12464  6179(49.57%)   14890(   1.19)  6179(49.57%)   14890(   1.19)      32
2 generator.ancestors_of_watched   12464  6184(49.61%)   15895(   1.28)     5( 0.04%)    1005(   0.08)      32
3 generator.by_watched_authors     19999  4278(21.39%)  683331(  34.17)  3874(19.37%)  682607(  34.13)     100
4 generator.same_name              17823  6808(38.20%) 1010006(  56.67)   517( 2.90%)  991585(  55.64)     100
5 generator.children_of_watched    12917   745( 5.77%)  759004(  58.76)    56( 0.43%)  330648(  25.60)     100
6 generator.in_cluster_user        20000  2987(14.94%) 1934443(  96.72)  1756( 8.78%) 1908692(  95.43)     100
7 generator.in_cluster_repo        20000  1563( 7.82%) 1936234(  96.81)   373( 1.86%) 1769798(  88.49)     100
8 generator.in_id_range            20000  1406( 7.03%)  166913(   8.35)   435( 2.17%)  164468(   8.22)      99
9 generator.coocs                  14389  4638(32.23%) 1154169(  80.21)  1094( 7.60%)  775630(  53.90)     100
  total                                                                 14289

Most losses occur in the by_watched_authors.

