174:169,166,167,168,170,171,172,173
628:608,613,602,603,604,605,606,607,609,610
1083:1034,1029,1030,1031,1032,1033,1035,1036,1037,1038
1779:1674,1675,1672,1673,1676,1677,1678,1679,1680,1681
1780:1674,1675,1672,1673,1676,1677,1678,1679,1680,1681
2347:2184,2186,2182,2183,2185,2187
2452:2282,2283,2281,2284
2453:2282,2283,2281,2284
2491:2319,2313,2314,2315,2316,2317,2318,2320
2803:2594,2595,2591,2592,2593,2596,2597,2598
2805:2594,2595,2591,2592,2593,2596,2597,2598
2947:2741,2745,2740,2742,2743,2744,2746
2951:2741,2745,2740,2742,2743,2744,2746
3011:2807,2806,2808,2809,2810
3412:3206,3202,3203,3204,3205,3207,3208,3209
3431:3220,3225,3219,3221,3222,3223,3224,3226
4453:4273,4271,4272,4274,4275,4276,4277,4278
4789:4616,4610,4611,4612,4613,4614,4615,4617,4618
4796:4622,4618,4619,4620,4621,4623,4624
4984:4826,4824,4825,4827
5892:5834,5833,5835,5836,5837,5838,5839,5840
5896:5834,5833,5835,5836,5837,5838,5839,5840
6698:6724,6721,6722,6723,6725,6726,6727,6728,6729,6730
7383:7501,7498,7499,7500,7502,7503
7489:7612,7607,7608,7609,7610,7611,7613,7614,7615,7616
7921:8117,8116,8118,8119,8120,8121,8122,8123
9333:9731,9713,9714,9715,9716,9717,9718,9719,9720,9721
9357:9760,9759,9761,9762,9763,9764,9765,9766
9402:9815,9813,9814,9816,9817,9818,9819
9576:10038,10036,10037,10039,10040,10041,10042
11118:11990,11987,11988,11989,11991,11992,11993,11994,11995,11996
11240:12141,12131,12132,12133,12134,12135,12136,12137,12138,12139
11360:12307,12305,12306,12308
11839:12988,12987,12989
13259:14889,14886,14887,14888,14890,14891,14892,14893,14894,14895
13375:15089,15082,15083,15084,15085,15086,15087,15088,15090,15091
13380:15089,15082,15083,15084,15085,15086,15087,15088,15090,15091
14015:16034,16028,16029,16030,16031,16032,16033,16035,16036,16037
15313:17957,17955,17956,17958,17959,17960,17961,17962,17963,17964
16192:19244,19243,19245,19246,19247,19248,19249
16838:20234,20228,20229,20230,20231,20232,20233,20235,20236
17178:20769,20767,20768,20770,20771,20772,20773
17731:21666,21664,21665,21667,21668,21669,21670,21671
17831:21825,21824,21826,21827
19070:23791,23786,23787,23788,23789,23790,23792,23793,23794,23795
19433:24380,24379,24381,24382
19763:24943,24941,24942,24944,24945,24946,24947
20327:25969,25968,25970,25971,25972,25973
20420:26139,26120,26121,26122,26123,26124,26125,26126,26127,26128
20550:26363,26362,26364,26365,26366,26367,26368,26369,26370
21570:28223,28220,28221,28222,28224,28225,28226,28227,28228
21631:28348,28344,28345,28346,28347,28349,28350
21670:28415,28414,28416,28417,28418,28419,28420
22949:30771,30780,30770,30772,30773,30774,30775,30776,30777,30778
23040:30941,30938,30939,30940,30942,30943,30944,30945,30946,30947
23044:30941,30938,30939,30940,30942,30943,30944,30945,30946,30947
24339:33494,33488,33489,33490,33491,33492,33493,33495,33496,33497
24421:33658,33657,33659,33660,33661
27052:38945,38953,38942,38943,38944,38946,38947,38948,38949,38950
29169:43450,43444,43445,43446,43447,43448,43449,43451,43452,43453
31508:48716,48711,48712,48713,48714,48715,48717,48718,48719
32583:51123,51114,51115,51116,51117,51118,51119,51120,51121,51122
32584:51123,51114,51115,51116,51117,51118,51119,51120,51121,51122
37240:62487,62484,62485,62486,62488,62489,62490
37912:64234,64229,64230,64231,64232,64233,64235,64236
43844:80618,80617,80619,80620,80621,80622
46039:87085,87083,87084,87086,87087,87088,87089,87090,87091
